7.56562293
7.91296730
8.26495712
8.68165043
8.19395334
7.98450924
7.06517007
9.45307295
7.42022225
8.06876303
7.30998917
8.48892564
7.06708563
8.15298733
6.87231777
8.02371227
7.51878228
8.00416896
8.51538649
7.49373182
8.67012122
8.05142758
8.54063469
8.98454241
8.27418314
6.85607992
8.10260288
8.28425138
7.00273507
8.11596937
9.21984078
6.88380497
8.30264660
9.17788383
8.19395334
8.74214337
8.16437093
7.97756163
9.17090156
7.99606957
9.10882886
8.78443251
8.68464928
7.25010200
7.90038800
8.20398601
8.88329602
8.83916595
8.28442377
8.02749827
