35.87733980
36.02233256
36.88453686
36.81212805
36.55276335
36.61800791
35.56480336
37.47120852
36.07575448
36.57574385
35.83928492
36.80450334
35.85168150
37.08922607
35.37159323
35.84107940
35.59596675
36.01425077
37.10337774
35.82577901
36.79144483
36.36603660
36.79400908
37.38489872
36.96946106
35.14974064
36.71081138
37.12197783
34.63231428
36.19402568
38.21671075
35.74324797
36.72610025
37.80418270
36.55276335
37.20326972
36.35546834
36.67567462
37.18198987
36.36828076
37.56194448
37.41380466
36.47140848
35.82602290
36.24688810
36.12540826
37.31483242
37.18763070
36.81534303
36.53694804
