40.44216697
40.62626206
40.99544975
41.25372147
40.99584486
40.87234990
39.95113858
42.23638299
40.28173329
40.79746913
40.21093466
41.30936127
39.90465163
41.14011417
39.72413419
40.68609637
40.18958270
40.46620159
41.34740406
40.19438248
41.63018063
40.92930077
41.38907631
41.98320843
41.12207934
39.47229848
40.94834181
40.98393762
39.07637577
40.86920733
42.21913910
39.80106282
41.06927823
42.13461352
40.99584486
41.55706295
41.02264791
40.95429482
41.90098929
40.93020464
41.98084610
42.12437929
41.41744950
40.00071174
40.64002142
41.03566599
41.74860130
41.62453368
41.31158757
40.83507959
