13.09397632
13.65797973
14.65464153
13.66248470
14.54069236
13.04449341
11.96791477
15.40243548
13.19600593
13.53315750
13.71928828
13.56717516
12.57641397
13.96659464
11.21672409
12.80771605
13.06800266
13.74125768
13.92853481
10.64077161
12.41186433
13.72938206
13.62264779
13.19319900
12.64851680
11.94994525
13.44529768
13.55034350
10.86222078
13.52777313
14.10331210
12.17650863
14.50175746
13.85343980
14.54069236
13.98784034
13.52703681
13.89100488
14.18667206
13.20344434
14.30315239
12.10446325
12.17909618
13.12788441
14.33216671
12.34263982
13.03123144
13.18787344
14.10256743
13.15650620
