37.27987425
37.49836101
37.95776297
38.26036217
37.92057366
37.67870918
36.75119287
39.14862521
37.15742775
37.69697826
37.06693465
38.19466077
36.75013069
37.97975058
36.50103953
37.61971594
37.11649353
37.45532997
38.20163724
37.12142081
38.33028779
37.80844153
38.20653539
38.77707168
37.98295494
36.29773349
37.86741830
37.95108074
36.04922583
37.67033294
39.14235059
36.61484525
37.99473930
38.95750660
37.92057366
38.41238614
37.90815781
37.74110810
38.78695778
37.77224357
38.86786235
38.94313300
38.27372430
36.91573078
37.58467099
37.84782712
38.66019961
38.50771052
38.19852172
37.70105684
